11.147 83.192
11.397 78.006
11.647 64.026
11.897 62.196
12.147 55.253
12.397 51.354
12.647 39.908
12.897 37.353
13.147 33.230
13.397 29.662
13.647 25.912
13.897 23.455
14.147 21.251
14.397 17.237
14.647 19.812
14.897 14.034
15.147 12.796
15.397 12.811
15.647 9.587
15.897 8.758
16.147 7.870
16.397 6.426
16.647 5.281
16.897 5.686
17.147 4.604
17.397 3.529
17.647 3.818
17.897 3.137
18.147 2.634
18.397 2.394
18.647 2.192
18.897 2.050
19.147 1.457
19.397 1.302
19.647 1.217
19.897 1.132
20.147 0.966
20.397 0.905
20.647 0.844
20.897 0.783
