10.404 93.255
10.654 83.837
10.904 74.635
11.154 62.050
11.404 59.946
11.654 51.664
11.904 37.068
12.154 42.901
12.404 33.234
12.654 30.457
12.904 28.188
13.154 28.105
13.404 20.168
13.654 18.837
13.904 17.732
14.154 17.219
14.404 13.247
14.654 12.352
14.904 10.477
15.154 9.509
15.404 7.735
15.654 7.150
15.904 6.306
16.154 5.086
16.404 4.249
16.654 4.235
16.904 3.739
17.154 2.801
17.404 2.916
17.654 2.275
17.904 2.135
18.154 1.854
18.404 1.580
18.654 1.541
18.904 1.119
19.154 1.156
19.404 1.192
