10.354 67.865
10.604 63.361
10.854 52.886
11.104 48.976
11.354 47.126
11.604 31.482
11.854 34.764
12.104 27.182
12.354 26.784
12.604 22.511
12.854 22.019
13.104 18.324
13.354 18.876
13.604 12.005
13.854 14.242
14.104 11.273
14.354 11.613
14.604 8.585
14.854 7.286
15.104 6.824
15.354 6.040
15.604 5.031
15.854 4.388
16.104 3.413
16.354 3.893
16.604 3.056
16.854 2.923
17.104 1.957
17.354 1.983
17.604 1.916
17.854 2.161
18.104 1.856
18.354 1.551
18.604 1.246
18.854 0.941
19.104 0.941
19.354 0.899
19.604 0.857
