13.220 1372.143
13.470 1731.000
13.720 1440.689
13.970 1043.738
14.220 1180.523
14.470 1060.207
14.720 961.911
14.970 863.616
15.220 807.418
15.470 656.017
15.720 627.325
15.970 521.095
16.220 414.864
16.470 343.194
16.720 534.595
16.970 372.211
17.220 283.834
17.470 190.916
17.720 218.436
17.970 154.351
18.220 175.584
18.470 166.132
18.720 145.379
18.970 124.626
19.220 103.873
19.470 105.685
19.720 68.963
19.970 88.371
20.220 81.083
20.470 73.795
20.720 59.763
20.970 45.732
21.220 38.881
21.470 32.030
21.720 25.180
