17.132 104.949
17.382 66.782
17.632 41.550
17.882 87.020
18.132 39.955
18.382 51.707
18.632 43.578
18.882 38.728
19.132 42.767
19.382 33.679
19.632 32.440
19.882 33.081
20.132 33.721
20.382 34.662
20.632 14.149
20.882 14.985
21.132 18.325
21.382 11.576
21.632 8.577
21.882 8.195
22.132 16.709
22.382 10.025
22.632 9.107
22.882 14.359
23.132 4.603
23.382 8.216
23.632 8.824
23.882 5.238
24.132 1.962
24.382 4.152
24.632 3.315
24.882 2.478
25.132 2.786
25.382 1.187
25.632 1.225
25.882 1.263
26.132 1.301
26.382 1.340
26.632 1.378
26.882 1.416
27.132 0.286
