12.039 902.098
12.289 823.899
12.539 776.054
12.789 890.464
13.039 639.816
13.289 728.412
13.539 588.615
13.789 439.420
14.039 535.072
14.289 407.813
14.539 383.396
14.789 328.718
15.039 367.699
15.289 238.024
15.539 252.160
15.789 200.699
16.039 157.084
16.289 167.880
16.539 141.717
16.789 107.414
17.039 103.129
17.289 82.735
17.539 71.061
17.789 65.141
18.039 45.932
18.289 52.535
18.539 38.323
18.789 28.730
19.039 29.652
19.289 22.043
19.539 19.934
19.789 20.146
20.039 12.408
20.289 13.348
20.539 8.204
20.789 12.074
21.039 10.782
21.289 9.570
21.539 8.358
21.789 7.147
22.039 5.935
22.289 4.723
22.539 3.449
22.789 2.175
