12.239 1816.051
12.489 1579.939
12.739 1498.990
12.989 1771.086
13.239 1134.047
13.489 1366.779
13.739 1034.712
13.989 732.335
14.239 1009.289
14.489 714.963
14.739 825.701
14.989 634.964
15.239 507.439
15.489 516.615
15.739 465.358
15.989 403.622
16.239 291.560
16.489 313.410
16.739 268.340
16.989 230.473
17.239 191.684
17.489 153.529
17.739 138.912
17.989 119.081
18.239 105.602
18.489 98.028
18.739 79.078
18.989 62.257
19.239 52.037
19.489 42.552
19.739 42.116
19.989 33.592
20.239 31.027
20.489 21.277
20.739 17.550
20.989 24.915
21.239 19.468
