12.263 3076.231
12.513 2954.072
12.763 2831.914
13.013 2709.756
13.263 2587.597
13.513 2105.318
13.763 1636.298
14.013 1880.254
14.263 1546.111
14.513 1200.924
14.763 1649.995
15.013 928.652
15.263 1335.498
15.513 781.731
15.763 711.847
16.013 589.441
16.263 679.189
16.513 531.717
16.763 406.865
17.013 385.517
17.263 397.031
17.513 330.293
17.763 232.191
18.013 198.167
18.263 231.104
18.513 190.461
18.763 125.360
19.013 141.915
19.263 117.957
19.513 98.606
19.763 76.527
20.013 71.183
20.263 66.923
20.513 48.997
20.763 52.184
21.013 33.682
21.263 48.799
21.513 45.128
21.763 41.457
