13.030 1953.327
13.280 1954.172
13.530 1955.017
13.780 1955.861
14.030 1355.361
14.280 1311.917
14.530 969.908
14.780 1255.060
15.030 983.630
15.280 837.519
15.530 1007.427
15.780 562.309
16.030 690.332
16.280 546.186
16.530 410.787
16.780 449.965
17.030 347.110
17.280 366.933
17.530 254.955
17.780 286.223
18.030 250.667
18.280 183.969
18.530 138.456
18.780 156.821
19.030 127.365
19.280 88.834
19.530 109.286
19.780 79.614
20.030 86.120
20.280 62.775
20.530 47.903
20.780 40.953
21.030 34.617
21.280 31.788
21.530 28.654
21.780 26.817
22.030 24.981
