12.617 2736.480
12.867 2549.613
13.117 2954.170
13.367 2108.842
13.617 2653.119
13.867 2291.819
14.117 1582.747
14.367 1787.156
14.617 1488.374
14.867 1423.449
15.117 1177.496
15.367 966.093
15.617 953.866
15.867 757.503
16.117 817.637
16.367 537.825
16.617 490.411
16.867 523.043
17.117 449.309
17.367 363.698
17.617 252.953
17.867 255.435
18.117 286.541
18.367 154.062
18.617 200.762
18.867 147.101
19.117 115.234
19.367 104.069
19.617 73.338
19.867 78.260
20.117 75.258
20.367 45.574
20.617 54.218
20.867 51.406
21.117 49.286
21.367 47.166
