13.279 468.267
13.529 408.829
13.779 362.532
14.029 333.928
14.279 310.245
14.529 274.017
14.779 250.262
15.029 213.404
15.279 197.560
15.529 170.453
15.779 151.545
16.029 136.728
16.279 121.912
16.529 104.899
16.779 89.571
17.029 85.249
17.279 75.702
17.529 66.006
17.779 57.503
18.029 48.551
18.279 46.820
18.529 41.132
18.779 34.629
19.029 33.041
19.279 28.851
19.529 25.649
19.779 22.836
20.029 18.774
20.279 17.203
20.529 15.631
20.779 12.150
21.029 12.617
21.279 11.230
21.529 9.843
21.779 8.456
22.029 7.069
