9.955 896.428
10.205 868.423
10.455 580.398
10.705 819.889
10.955 571.307
11.205 477.974
11.455 496.780
11.705 432.305
11.955 388.522
12.205 318.152
12.455 284.307
12.705 319.957
12.955 291.065
13.205 170.694
13.455 142.471
13.705 245.832
13.955 119.919
14.205 139.959
14.455 112.439
14.705 94.710
14.955 66.742
15.205 86.793
15.455 78.766
15.705 68.093
15.955 63.871
16.205 48.698
16.455 30.150
16.705 48.499
16.955 18.986
17.205 27.107
17.455 21.494
17.705 26.835
17.955 30.779
18.205 17.344
18.455 7.609
18.705 7.996
18.955 8.383
19.205 10.515
19.455 7.607
19.705 4.653
19.955 4.879
20.205 5.105
20.455 5.330
20.705 5.556
20.955 5.782
21.205 3.417
