6.708 123.838
6.958 172.067
7.208 220.297
7.458 268.526
7.708 718.484
7.958 427.705
8.208 281.304
8.458 334.133
8.708 137.463
8.958 177.734
9.208 133.900
9.458 96.406
9.708 155.706
9.958 99.294
10.208 137.089
10.458 129.070
10.708 48.637
10.958 91.261
11.208 56.861
11.458 65.960
11.708 54.875
11.958 55.912
12.208 54.285
12.458 53.958
12.708 22.026
12.958 30.829
13.208 14.193
13.458 13.210
13.708 17.521
13.958 10.946
14.208 14.874
14.458 7.505
14.708 6.917
14.958 9.443
15.208 6.776
15.458 4.108
15.708 5.635
15.958 4.907
16.208 2.644
16.458 2.634
16.708 2.261
16.958 2.909
