9.589 569.064
9.839 566.647
10.089 564.231
10.339 476.468
10.589 437.646
10.839 379.485
11.089 304.809
11.339 302.738
11.589 256.046
11.839 252.251
12.089 116.095
12.339 204.962
12.589 170.444
12.839 181.098
13.089 105.873
13.339 93.013
13.589 134.440
13.839 99.905
14.089 63.594
14.339 72.594
14.589 69.651
14.839 35.510
15.089 41.823
15.339 53.339
15.589 36.689
15.839 29.656
16.089 25.770
16.339 26.362
16.589 18.262
16.839 19.280
17.089 15.059
17.339 18.528
17.589 18.100
17.839 14.429
18.089 10.376
18.339 3.785
18.589 5.034
18.839 6.282
19.089 5.212
19.339 4.833
19.589 4.455
19.839 3.528
20.089 2.600
20.339 2.936
20.589 3.272
20.839 2.582
