5.363 150.200
5.613 164.116
5.863 178.032
6.113 111.280
6.363 116.695
6.613 85.341
6.863 90.811
7.113 99.952
7.363 37.822
7.613 44.851
7.863 25.629
8.113 26.360
8.363 23.568
8.613 25.448
8.863 26.994
9.113 22.456
9.363 28.704
9.613 22.412
9.863 13.099
10.113 14.707
10.363 15.735
10.613 12.176
10.863 8.584
11.113 10.425
11.363 7.485
11.613 7.685
11.863 6.615
12.113 5.545
12.363 5.060
12.613 4.973
12.863 4.023
13.113 3.073
13.363 2.698
13.613 2.126
13.863 4.472
14.113 1.762
14.363 1.467
14.613 1.173
14.863 1.677
15.113 1.330
15.363 1.101
15.613 1.011
15.863 0.920
16.113 0.830
