1.26156626101008 4.62661891403117
2.03421447256411 10.2997725527008
3.03825388987325 17.9728656471418
3.94932708483429 23.6504675891078
5.07770625192981 28.3166965974246
5.99741753913869 30.8485329881573
6.88681152939332 32.5527189157719
7.91877816195193 34.0462425514785
10.0451099506308 35.5168915364387
15.0227064573700 37.4423069116354
20.0028879648171 38.6019927321142
29.9658503787974 43.4436027570396
39.9938392514841 45.7258756421751
49.9714023928871 41.4522723204714
69.9526831529957 41.4503923144318
89.9966391258393 42.4831625245569
119.981517754452 42.5401211533659
