1.26156626101008 4.87228096599224
2.03421447256411 11.0915916901465
3.03825388987325 19.9173878866626
3.94932708483429 26.8269743435371
5.07770625192981 33.0007184833504
5.99741753913869 36.5689764750634
6.88681152939332 39.0328472509299
7.91877816195193 41.0599444127573
10.0451099506308 43.0097990275271
15.0227064573700 45.8569347597089
20.0028879648171 47.4809868245896
29.9658503787974 53.5311444237566
39.9938392514841 56.5475583835838
49.9714023928871 51.4586367079155
69.9526831529957 51.2832409582989
89.9966391258393 52.6052515018512
119.981517754452 52.7767623969256
