1.26156626101008 4.82317911480886
2.03421447256411 12.0341059989272
3.03825388987325 25.0233136562533
3.94932708483429 39.1457483221409
5.07770625192981 58.1569648486873
5.99741753913869 74.1468300859053
6.88681152939332 89.0888643557354
7.91877816195193 106.079393275430
10.0451099506308 136.322244462813
15.0227064573700 175.146553910168
20.0028879648171 193.286859198335
29.9658503787974 200.652757377693
39.9938392514841 202.705907997489
49.9714023928871 220.881453212551
69.9526831529957 258.418375517570
89.9966391258393 243.399668727928
119.981517754452 243.835005471773
