1.26156626101008 4.77382516699996
2.03421447256411 11.2815599964456
3.03825388987325 21.6232974721785
3.94932708483429 31.0814615397451
5.07770625192981 41.3357010408870
5.99741753913869 47.7565635108843
6.88681152939332 52.6722534465820
7.91877816195193 56.7902137067811
10.0451099506308 62.1676654381316
15.0227064573700 68.1272215368705
20.0028879648171 72.0385309485971
29.9658503787974 82.3266107299230
39.9938392514841 87.6051674575365
49.9714023928871 80.5673071019847
69.9526831529957 80.3301571250114
89.9966391258393 82.4573934337757
119.981517754452 82.8578901006073
